0.000000000000000000e+00
-5.230000000000000204e-01
-1.024000000000000021e+00
-5.460000000000000409e-01
-5.400000000000004796e-02
4.299999999999999378e-01
-7.600000000000006750e-02
-5.860000000000000764e-01
-8.800000000000007816e-02
-6.140000000000001013e-01
-1.135000000000000231e+00
-1.638000000000000345e+00
-2.157000000000000473e+00
-1.658000000000000362e+00
-1.163000000000000256e+00
-6.680000000000002602e-01
-1.189000000000000279e+00
-1.693000000000000282e+00
-1.208000000000000185e+00
-7.180000000000001936e-01
-2.350000000000002087e-01
2.369999999999997664e-01
7.359999999999997655e-01
2.189999999999997504e-01
6.969999999999997309e-01
1.194999999999999840e+00
6.899999999999998357e-01
1.809999999999998277e-01
6.549999999999998046e-01
1.529999999999998028e-01
-3.470000000000001972e-01
-8.610000000000002096e-01
-3.670000000000002149e-01
-8.790000000000002256e-01
-4.000000000000002442e-01
-9.160000000000002585e-01
-4.190000000000002611e-01
6.799999999999972733e-02
5.509999999999997122e-01
1.018999999999999684e+00
5.009999999999996678e-01
-9.000000000000341061e-03
-5.140000000000003455e-01
-5.400000000000032552e-02
4.439999999999996727e-01
-6.100000000000033173e-02
-5.770000000000004015e-01
-9.300000000000041567e-02
4.039999999999995817e-01
8.979999999999995763e-01
1.393999999999999684e+00
8.869999999999996776e-01
1.384999999999999787e+00
1.882999999999999785e+00
1.377999999999999670e+00
8.739999999999996660e-01
1.372999999999999776e+00
8.689999999999997726e-01
1.351999999999999869e+00
1.831999999999999851e+00
1.330999999999999961e+00
1.823999999999999844e+00
1.317999999999999838e+00
1.817999999999999838e+00
2.309999999999999609e+00
2.792999999999999705e+00
3.288999999999999702e+00
3.756999999999999673e+00
4.237999999999999545e+00
3.713999999999999524e+00
4.206999999999999851e+00
4.705000000000000071e+00
4.192999999999999616e+00
3.670999999999999375e+00
3.160999999999999588e+00
3.655999999999999694e+00
4.147999999999999687e+00
4.647999999999999687e+00
5.146999999999999353e+00
4.646999999999999353e+00
5.142999999999998906e+00
4.639999999999998792e+00
5.124999999999999112e+00
4.621999999999998998e+00
4.102999999999998870e+00
3.577999999999998959e+00
4.055999999999999162e+00
3.528999999999999027e+00
3.011999999999999122e+00
3.487999999999999101e+00
2.985999999999998877e+00
3.477999999999998870e+00
3.969999999999998863e+00
3.434999999999998721e+00
2.914999999999998703e+00
2.395999999999998575e+00
2.895999999999998575e+00
3.379999999999998561e+00
2.870999999999998664e+00
3.367999999999998550e+00
3.867999999999998550e+00
3.345999999999998309e+00
3.833999999999998298e+00
3.323999999999998067e+00
3.803999999999998050e+00
4.281999999999998252e+00
3.773999999999998245e+00
3.258999999999998121e+00
2.749999999999998224e+00
2.248999999999998334e+00
2.742999999999998550e+00
2.235999999999998433e+00
2.735999999999998433e+00
3.215999999999998415e+00
2.700999999999998291e+00
3.191999999999998394e+00
3.687999999999998391e+00
3.164999999999998259e+00
3.647999999999998355e+00
3.136999999999998234e+00
3.633999999999998121e+00
3.118999999999997996e+00
2.612999999999997769e+00
3.108999999999997765e+00
3.597999999999997645e+00
3.057999999999997609e+00
3.552999999999997716e+00
3.028999999999997694e+00
3.515999999999997794e+00
4.006999999999997897e+00
3.499999999999997780e+00
3.979999999999997762e+00
3.456999999999997630e+00
3.949999999999997513e+00
4.437999999999997058e+00
3.932999999999997165e+00
3.431999999999997275e+00
3.905999999999997030e+00
3.402999999999996916e+00
3.881999999999997009e+00
3.374999999999996891e+00
3.872999999999996668e+00
4.356999999999996653e+00
3.826999999999996405e+00
3.289999999999996483e+00
3.784999999999996589e+00
4.279999999999996696e+00
4.770999999999996355e+00
4.265999999999996461e+00
3.761999999999996458e+00
3.261999999999996458e+00
2.747999999999996668e+00
2.236999999999996547e+00
1.716999999999996529e+00
2.200999999999996515e+00
1.689999999999996394e+00
1.169999999999996376e+00
6.479999999999963567e-01
1.359999999999963460e-01
6.199999999999963318e-01
1.093999999999996309e+00
1.590999999999996195e+00
2.073999999999996291e+00
2.547999999999996490e+00
3.031999999999996476e+00
2.518999999999996575e+00
1.994999999999996554e+00
2.476999999999996760e+00
1.967999999999996863e+00
2.459999999999996856e+00
1.944999999999996732e+00
1.435999999999996835e+00
1.921999999999996822e+00
1.420999999999996710e+00
1.910999999999996701e+00
1.400999999999996692e+00
1.891999999999996795e+00
1.343999999999996753e+00
1.824999999999996625e+00
1.324999999999996625e+00
8.219999999999966223e-01
1.316999999999996618e+00
8.169999999999966178e-01
2.969999999999966001e-01
7.869999999999965912e-01
2.699999999999965761e-01
7.569999999999965645e-01
1.246999999999996556e+00
1.742999999999996552e+00
2.229999999999996430e+00
1.714999999999996305e+00
1.194999999999996287e+00
6.859999999999962794e-01
1.161999999999996369e+00
6.489999999999963576e-01
1.429999999999963523e-01
-3.620000000000036522e-01
1.189999999999963309e-01
6.049999999999963185e-01
1.088999999999996415e+00
5.699999999999963984e-01
1.069999999999996287e+00
1.563999999999996282e+00
1.055999999999996275e+00
1.544999999999996376e+00
2.042999999999996597e+00
2.531999999999996476e+00
3.020999999999996355e+00
2.501999999999996227e+00
1.971999999999996200e+00
2.468999999999996309e+00
2.933999999999996167e+00
2.392999999999996241e+00
2.880999999999996231e+00
3.370999999999996000e+00
3.864999999999995772e+00
3.356999999999995765e+00
2.840999999999995751e+00
2.307999999999995833e+00
2.804999999999995719e+00
2.272999999999995691e+00
2.756999999999995676e+00
3.253999999999995563e+00
3.730999999999995431e+00
3.220999999999995644e+00
2.696999999999995623e+00
3.188999999999995616e+00
3.676999999999995605e+00
3.174999999999995381e+00
2.663999999999995261e+00
2.139999999999995239e+00
2.635999999999995236e+00
3.114999999999995328e+00
3.612999999999995104e+00
3.109999999999994991e+00
3.599999999999995204e+00
4.092999999999995531e+00
3.584999999999995524e+00
3.077999999999995406e+00
3.554999999999995275e+00
3.054999999999995275e+00
3.541999999999995374e+00
4.021999999999994913e+00
4.511999999999995126e+00
5.008999999999995012e+00
5.503999999999995119e+00
5.990999999999995218e+00
6.488999999999995438e+00
5.977999999999995318e+00
6.439999999999995062e+00
6.920999999999994934e+00
6.411999999999994593e+00
6.907999999999994145e+00
7.377999999999993896e+00
7.857999999999993435e+00
7.356999999999993101e+00
7.831999999999992745e+00
8.307999999999992724e+00
8.804999999999992610e+00
8.286999999999991928e+00
8.781999999999991147e+00
8.274999999999991473e+00
8.764999999999991687e+00
8.253999999999992454e+00
8.738999999999991886e+00
8.231999999999992212e+00
8.718999999999992312e+00
8.181999999999991502e+00
8.676999999999990720e+00
9.161999999999990152e+00
8.650999999999990919e+00
9.129999999999990123e+00
8.627999999999989456e+00
9.125999999999988788e+00
9.608999999999989328e+00
9.105999999999989214e+00
8.590999999999988646e+00
9.066999999999989512e+00
8.548999999999988830e+00
8.044999999999989271e+00
8.530999999999989925e+00
8.018999999999989470e+00
7.498999999999989896e+00
7.979999999999989768e+00
8.475999999999990209e+00
8.972999999999990095e+00
9.465999999999990422e+00
9.958999999999990749e+00
9.448999999999990962e+00
8.940999999999991843e+00
8.417999999999992156e+00
8.914999999999992042e+00
9.393999999999991246e+00
8.884999999999990905e+00
9.383999999999991459e+00
9.863999999999991886e+00
9.351999999999991431e+00
8.842999999999991090e+00
9.323999999999990962e+00
8.793999999999991601e+00
9.286999999999991928e+00
8.773999999999992028e+00
9.273999999999992028e+00
9.748999999999991672e+00
9.241999999999991999e+00
9.737999999999992440e+00
1.023499999999999233e+01
9.731999999999992212e+00
9.226999999999991431e+00
9.724999999999990763e+00
1.021499999999999098e+01
1.069399999999999018e+01
1.119099999999999007e+01
1.068799999999998995e+01
1.115699999999998937e+01
1.164999999999998970e+01
1.113399999999998968e+01
1.062499999999998934e+01
1.011599999999998900e+01
1.060299999999998910e+01
1.009299999999998931e+01
1.057999999999998941e+01
1.006099999999998929e+01
9.542999999999988603e+00
1.003399999999998826e+01
1.052499999999998792e+01
1.101599999999998758e+01
1.150399999999998712e+01
1.199099999999998722e+01
1.247899999999998677e+01
1.197599999999998666e+01
1.146499999999998742e+01
1.196499999999998742e+01
1.144399999999998663e+01
1.092999999999998728e+01
1.041399999999998727e+01
1.090999999999998771e+01
1.040699999999998759e+01
1.089799999999998725e+01
1.038699999999998802e+01
1.085999999999998877e+01
1.135699999999998866e+01
1.183299999999998775e+01
1.132999999999998764e+01
1.181799999999998718e+01
1.130499999999998728e+01
1.077499999999998792e+01
1.126399999999998869e+01
1.174699999999998923e+01
1.123299999999998988e+01
1.171699999999998987e+01
1.118599999999998929e+01
1.167399999999998883e+01
1.215099999999998914e+01
1.164399999999998947e+01
1.113199999999998902e+01
1.161399999999998833e+01
1.209699999999998887e+01
1.257699999999998930e+01
1.207199999999998852e+01
1.153899999999998904e+01
1.103499999999998948e+01
1.152899999999998926e+01
1.101699999999998880e+01
1.050299999999998946e+01
1.000299999999998946e+01
1.048599999999999000e+01
9.975999999999990209e+00
1.044699999999999029e+01
1.094099999999999007e+01
1.041299999999998960e+01
1.090499999999999048e+01
1.037999999999999012e+01
1.085999999999999055e+01
1.033799999999999031e+01
1.083399999999999075e+01
1.131699999999999129e+01
1.180799999999999095e+01
1.229099999999999149e+01
1.277399999999999203e+01
1.224299999999999145e+01
1.173699999999999122e+01
1.222999999999999154e+01
1.272699999999999143e+01
1.322499999999999076e+01
1.271499999999999098e+01
1.220999999999999019e+01
1.170199999999999108e+01
1.218999999999999062e+01
1.267499999999999005e+01
1.316399999999999082e+01
1.363999999999998991e+01
1.413899999999999046e+01
1.360699999999999044e+01
1.309199999999998987e+01
1.256899999999999018e+01
1.205199999999999072e+01
1.151199999999998980e+01
1.101199999999998980e+01
1.150699999999998902e+01
1.199999999999998934e+01
1.149799999999998867e+01
1.198799999999998889e+01
1.148499999999998877e+01
1.194999999999998863e+01
1.144099999999998829e+01
1.193699999999998873e+01
1.141999999999998927e+01
1.091799999999998860e+01
1.139499999999998892e+01
1.189199999999998880e+01
1.237699999999998823e+01
1.186399999999998833e+01
1.136399999999998833e+01
1.183999999999998920e+01
1.132899999999998997e+01
1.181499999999999062e+01
1.231399999999999118e+01
1.180199999999999072e+01
1.229699999999998994e+01
1.177499999999998970e+01
1.127099999999999014e+01
1.174799999999999045e+01
1.122999999999998977e+01
1.071699999999998987e+01
1.119599999999998907e+01
1.068999999999998884e+01
1.017399999999998883e+01
9.660999999999988930e+00
9.142999999999988248e+00
8.630999999999987793e+00
9.124999999999987566e+00
8.606999999999986883e+00
8.098999999999985988e+00
7.593999999999986095e+00
8.081999999999986528e+00
7.566999999999986848e+00
7.038999999999987267e+00
6.522999999999987253e+00
6.994999999999986784e+00
6.471999999999987097e+00
6.949999999999986855e+00
6.447999999999987075e+00
5.933999999999986841e+00
6.416999999999986493e+00
5.857999999999986329e+00
5.352999999999986436e+00
4.847999999999986542e+00
4.323999999999986521e+00
3.802999999999986613e+00
3.278999999999986592e+00
3.775999999999986478e+00
3.266999999999986581e+00
3.760999999999986798e+00
3.257999999999986684e+00
2.753999999999986681e+00
2.250999999999986567e+00
1.740999999999986558e+00
1.240999999999986558e+00
1.736999999999986555e+00
2.223999999999986432e+00
1.702999999999986525e+00
2.193999999999986628e+00
2.690999999999986514e+00
2.170999999999986496e+00
1.666999999999986493e+00
2.120999999999986674e+00
1.613999999999986557e+00
2.104999999999986660e+00
2.569999999999986517e+00
2.064999999999986624e+00
2.549999999999986500e+00
2.037999999999986489e+00
1.534999999999986375e+00
1.031999999999986262e+00
1.504999999999986127e+00
1.998999999999986121e+00
1.496999999999986120e+00
1.965999999999985981e+00
1.442999999999985850e+00
9.259999999999858344e-01
1.424999999999985834e+00
1.924999999999985834e+00
1.419999999999985718e+00
9.059999999999857057e-01
4.019999999999857021e-01
-1.030000000000143023e-01
3.919999999999856932e-01
-1.110000000000143094e-01
3.629999999999856675e-01
8.519999999999856577e-01
1.342999999999985761e+00
1.826999999999985747e+00
2.297999999999985832e+00
1.778999999999985704e+00
2.264999999999985469e+00
1.738999999999985446e+00
2.207999999999985530e+00
2.704999999999985416e+00
3.198999999999985633e+00
2.672999999999985832e+00
3.152999999999985814e+00
2.648999999999985810e+00
2.139999999999985913e+00
2.623999999999985899e+00
3.120999999999985786e+00
3.615999999999985892e+00
3.111999999999985889e+00
2.586999999999985977e+00
3.065999999999986070e+00
3.562999999999985956e+00
3.048999999999986166e+00
3.536999999999986155e+00
4.030999999999986372e+00
3.523999999999986255e+00
4.013999999999986024e+00
3.509999999999986020e+00
4.005999999999986017e+00
3.495999999999986230e+00
2.980999999999986105e+00
3.466999999999986315e+00
2.960999999999986088e+00
2.451999999999986191e+00
1.931999999999986173e+00
1.421999999999986164e+00
1.919999999999986162e+00
1.401999999999986146e+00
8.979999999999861426e-01
3.949999999999861400e-01
-1.220000000000138751e-01
-6.400000000000138911e-01
-1.140000000000013891e+00
-1.647000000000014008e+00
-1.166000000000014136e+00
-6.740000000000141434e-01
-1.183000000000014040e+00
-6.840000000000140412e-01
-1.850000000000140421e-01
2.859999999999859321e-01
-2.260000000000140785e-01
2.729999999999859206e-01
-2.520000000000141016e-01
-7.530000000000141025e-01
-2.740000000000141211e-01
2.079999999999858629e-01
-2.970000000000141416e-01
-8.030000000000141469e-01
-3.250000000000141664e-01
1.669999999999858264e-01
-3.760000000000142117e-01
1.229999999999857874e-01
-3.810000000000142162e-01
-8.830000000000142180e-01
-1.388000000000014111e+00
-9.210000000000140297e-01
-4.260000000000140341e-01
-9.470000000000140528e-01
-4.530000000000140581e-01
3.499999999998593125e-02
-4.860000000000140874e-01
-9.890000000000140901e-01
-4.930000000000140936e-01
-1.018000000000014005e+00
-5.330000000000140181e-01
-1.041000000000014136e+00
-5.490000000000141434e-01
-6.000000000001415312e-02
4.369999999999858442e-01
9.319999999999858398e-01
1.422999999999985832e+00
9.039999999999858149e-01
1.387999999999985690e+00
8.849999999999856870e-01
1.379999999999985683e+00
1.869999999999985674e+00
1.364999999999985558e+00
1.847999999999985654e+00
2.327999999999985636e+00
2.811999999999985622e+00
3.287999999999985601e+00
2.773999999999985810e+00
3.270999999999985697e+00
3.744999999999985896e+00
4.237999999999986223e+00
3.716999999999986315e+00
4.201999999999986635e+00
3.693999999999986628e+00
4.190999999999986514e+00
3.677999999999986613e+00
3.163999999999986379e+00
2.632999999999986240e+00
2.124999999999986233e+00
1.615999999999986336e+00
1.102999999999986436e+00
5.899999999999864242e-01
8.799999999998642242e-02
-4.140000000000135794e-01
-9.180000000000135829e-01
-1.438000000000013490e+00
-9.550000000000135048e-01
-4.590000000000135083e-01
3.599999999998648725e-02
-4.930000000000135385e-01
-9.940000000000135394e-01
-5.160000000000135589e-01
-1.700000000001355982e-02
4.569999999999864171e-01
-6.700000000001360423e-02
-5.670000000000136042e-01
-7.600000000001361222e-02
4.209999999999863851e-01
-8.200000000001361755e-02
-5.920000000000136264e-01
-1.097000000000013742e+00
-6.040000000000137481e-01
-1.116000000000013870e+00
-6.330000000000138849e-01
-1.146000000000013896e+00
-6.540000000000139035e-01
-1.169000000000013806e+00
-1.686000000000013710e+00
-1.190000000000013713e+00
-1.725000000000013856e+00
-2.244000000000013983e+00
-1.745000000000013873e+00
-2.257000000000013884e+00
-1.765000000000013891e+00
-2.268000000000014005e+00
-2.786000000000013799e+00
-3.306000000000013817e+00
-3.808000000000014040e+00
-3.335000000000014175e+00
-2.853000000000013969e+00
-2.361000000000013976e+00
-1.879000000000013992e+00
-1.398000000000013898e+00
-1.906000000000013905e+00
-1.416000000000013914e+00
-9.540000000000139480e-01
-4.570000000000139506e-01
-9.780000000000139693e-01
-4.900000000000139799e-01
-1.012000000000013999e+00
-1.518000000000014005e+00
-2.048000000000014253e+00
-2.561000000000014154e+00
-3.077000000000014168e+00
-3.580000000000014282e+00
-4.081000000000014616e+00
-3.594000000000014516e+00
-3.097000000000014630e+00
-2.628000000000014769e+00
-3.156000000000014793e+00
-2.679000000000014925e+00
-3.186000000000015042e+00
-2.709000000000015174e+00
-3.223000000000014964e+00
-3.745000000000015206e+00
-4.248000000000015319e+00
-3.767000000000015447e+00
-4.277000000000015234e+00
-4.788000000000015355e+00
-4.297000000000015696e+00
-4.804000000000015369e+00
-5.320000000000015383e+00
-5.821000000000015717e+00
-5.336000000000015397e+00
-5.853000000000015746e+00
-6.354000000000016080e+00
-5.888000000000015888e+00
-6.421000000000016250e+00
-6.926000000000016144e+00
-6.451000000000016499e+00
-5.969000000000016293e+00
-5.481000000000015859e+00
-5.005000000000015881e+00
-5.516000000000016001e+00
-6.026000000000015788e+00
-5.544000000000015582e+00
-5.050000000000015810e+00
-5.564000000000016044e+00
-5.088000000000016065e+00
-4.594000000000016293e+00
-5.108000000000016527e+00
-5.619000000000016648e+00
-5.129000000000016435e+00
-5.633000000000016882e+00
-5.137000000000016442e+00
-5.637000000000016442e+00
-5.159000000000016684e+00
-5.663000000000016243e+00
-5.173000000000016030e+00
-5.679000000000016257e+00
-5.188000000000016598e+00
-5.700000000000017053e+00
-5.236000000000016641e+00
-4.740000000000016200e+00
-5.242000000000015980e+00
-5.762000000000016442e+00
-5.269000000000016115e+00
-4.796000000000016250e+00
-5.300000000000016698e+00
-5.826000000000016499e+00
-5.328000000000016279e+00
-5.842000000000016513e+00
-6.364000000000016755e+00
-6.884000000000016328e+00
-7.390000000000016556e+00
-7.905000000000016236e+00
-8.417000000000015802e+00
-7.918000000000016136e+00
-8.429000000000016257e+00
-7.937000000000016264e+00
-8.459000000000015618e+00
-8.984000000000015973e+00
-9.486000000000016641e+00
-9.002000000000016655e+00
-8.510000000000015774e+00
-9.016000000000016001e+00
-8.525000000000016342e+00
-9.053000000000016811e+00
-8.562000000000017153e+00
-9.075000000000017053e+00
-8.584000000000017394e+00
-9.128000000000017877e+00
-9.638000000000017664e+00
-1.013900000000001711e+01
-9.654000000000017678e+00
-9.178000000000018588e+00
-9.702000000000019497e+00
-9.213000000000018730e+00
-9.717000000000018289e+00
-1.023100000000001764e+01
-1.073200000000001708e+01
-1.123300000000001653e+01
-1.074400000000001576e+01
-1.025300000000001610e+01
-1.076400000000001533e+01
-1.127400000000001512e+01
-1.079300000000001525e+01
-1.031600000000001494e+01
-9.824000000000015831e+00
-9.335000000000015064e+00
-9.838000000000015177e+00
-9.355000000000014637e+00
-9.856000000000014083e+00
-9.388000000000014111e+00
-9.899000000000013344e+00
-9.404000000000014126e+00
-8.910000000000014353e+00
-8.428000000000015035e+00
-8.932000000000014595e+00
-9.444000000000015049e+00
-8.950000000000015277e+00
-9.451000000000014722e+00
-8.952000000000014168e+00
-9.457000000000014950e+00
-8.983000000000014751e+00
-8.485000000000015419e+00
-8.013000000000015888e+00
-8.527000000000015234e+00
-8.036000000000015575e+00
-7.556000000000015149e+00
-8.060000000000014708e+00
-7.561000000000015042e+00
-8.071000000000015717e+00
-8.580000000000016058e+00
-9.092000000000016513e+00
-8.612000000000016087e+00
-8.124000000000016541e+00
-8.655000000000017124e+00
-8.172000000000016584e+00
-8.678000000000016811e+00
-9.194000000000016826e+00
-8.723000000000016740e+00
-9.227000000000016300e+00
-8.749000000000016541e+00
-8.265000000000016556e+00
-8.767000000000017224e+00
-9.277000000000017010e+00
-8.779000000000017678e+00
-9.289000000000017465e+00
-9.805000000000017479e+00
-9.310000000000018261e+00
-9.851000000000018630e+00
-1.035800000000001830e+01
-9.881000000000017991e+00
-9.407000000000017792e+00
-8.921000000000017138e+00
-9.425000000000016698e+00
-9.938000000000016598e+00
-9.448000000000016385e+00
-9.970000000000016627e+00
-1.049200000000001687e+01
-9.993000000000016314e+00
-1.049500000000001698e+01
-1.000200000000001666e+01
-9.510000000000015774e+00
-9.018000000000014893e+00
-9.539000000000015689e+00
-9.054000000000016257e+00
-8.560000000000016485e+00
-8.074000000000015831e+00
-8.583000000000016172e+00
-8.093000000000015959e+00
-7.595000000000015739e+00
-8.137000000000016442e+00
-8.652000000000017010e+00
-8.155000000000017124e+00
-7.667000000000017579e+00
-8.174000000000017252e+00
-8.678000000000016811e+00
-9.181000000000016925e+00
-9.688000000000016598e+00
-9.214000000000016399e+00
-8.726000000000016854e+00
-8.232000000000017081e+00
-7.751000000000017209e+00
-8.254000000000017323e+00
-7.761000000000016996e+00
-7.263000000000016776e+00
-6.771000000000016783e+00
-7.306000000000016925e+00
-6.820000000000017160e+00
-7.325000000000017053e+00
-7.844000000000017181e+00
-8.365000000000017977e+00
-8.883000000000018659e+00
-8.389000000000018886e+00
-8.894000000000019668e+00
-9.394000000000019668e+00
-8.901000000000019341e+00
-8.421000000000018915e+00
-7.923000000000018694e+00
-7.444000000000018602e+00
-6.982000000000018858e+00
-6.483000000000019192e+00
-5.988000000000019085e+00
-5.516000000000019554e+00
-5.017000000000019888e+00
-4.521000000000020336e+00
-4.067000000000020599e+00
-3.591000000000020620e+00
-3.102000000000020741e+00
-3.602000000000020741e+00
-3.114000000000020751e+00
-3.638000000000020773e+00
-4.142000000000020776e+00
-4.654000000000021231e+00
-5.163000000000021572e+00
-5.673000000000021359e+00
-6.174000000000021693e+00
-6.676000000000021473e+00
-6.186000000000021259e+00
-6.687000000000021593e+00
-6.194000000000021267e+00
-6.700000000000021494e+00
-7.224000000000021515e+00
-7.728000000000021075e+00
-7.234000000000021302e+00
-6.744000000000021089e+00
-7.263000000000021217e+00
-6.787000000000021238e+00
-7.300000000000021139e+00
-6.807000000000020812e+00
-6.318000000000020933e+00
-6.844000000000020734e+00
-7.367000000000020421e+00
-6.889000000000020663e+00
-6.396000000000020336e+00
-5.899000000000020449e+00
-5.414000000000020130e+00
-5.915000000000020464e+00
-5.423000000000020471e+00
-4.941000000000020265e+00
-5.451000000000020052e+00
-4.964000000000019952e+00
-5.472000000000019959e+00
-4.991000000000020087e+00
-5.504000000000019988e+00
-6.007000000000020101e+00
-6.508000000000020435e+00
-6.011000000000020549e+00
-5.532000000000020457e+00
-5.044000000000020023e+00
-5.579000000000020165e+00
-5.095000000000020179e+00
-4.610000000000019860e+00
-5.111000000000020194e+00
-4.629000000000019988e+00
-5.129000000000019988e+00
-4.638000000000020329e+00
-4.143000000000020222e+00
-4.657000000000020457e+00
-4.162000000000020350e+00
-3.671000000000020247e+00
-4.196000000000020158e+00
-3.704000000000020165e+00
-4.234000000000020414e+00
-3.749000000000020538e+00
-4.281000000000020123e+00
-4.782000000000020457e+00
-5.286000000000020904e+00
-4.793000000000020577e+00
-5.293000000000020577e+00
-5.828000000000020719e+00
-5.354000000000020520e+00
-5.870000000000020535e+00
-6.384000000000020769e+00
-6.886000000000020549e+00
-6.396000000000020336e+00
-6.907000000000020457e+00
-6.420000000000020357e+00
-6.931000000000020478e+00
-7.449000000000020272e+00
-7.969000000000020734e+00
-7.511000000000020549e+00
-8.028000000000020009e+00
-7.543000000000019689e+00
-8.058000000000019369e+00
-8.566000000000020265e+00
-8.069000000000020378e+00
-8.580000000000019611e+00
-9.086000000000019838e+00
-8.591000000000020620e+00
-9.129000000000020876e+00
-9.632000000000020989e+00
-9.136000000000020549e+00
-9.641000000000021330e+00
-1.016200000000002213e+01
-1.066600000000002169e+01
-1.117600000000002147e+01
-1.170600000000002083e+01
-1.121800000000002129e+01
-1.173600000000002197e+01
-1.124200000000002220e+01
-1.174900000000002187e+01
-1.226400000000002244e+01
-1.276700000000002255e+01
-1.227900000000002301e+01
-1.178600000000002268e+01
-1.231500000000002260e+01
-1.182900000000002194e+01
-1.134400000000002251e+01
-1.186700000000002220e+01
-1.137200000000002298e+01
-1.089800000000002278e+01
-1.140600000000002368e+01
-1.192400000000002436e+01
-1.242800000000002392e+01
-1.293900000000002315e+01
-1.344300000000002271e+01
-1.295400000000002194e+01
-1.248100000000002119e+01
-1.298500000000002075e+01
-1.348500000000002075e+01
-1.299000000000002153e+01
-1.352400000000002223e+01
-1.303000000000002245e+01
-1.354600000000002247e+01
-1.405000000000002203e+01
-1.357900000000002194e+01
-1.408600000000002161e+01
-1.358800000000002228e+01
-1.408900000000002173e+01
-1.462000000000002231e+01
-1.512100000000002176e+01
-1.565600000000002190e+01
-1.618100000000002225e+01
-1.569800000000002171e+01
-1.622500000000002274e+01
-1.673800000000002441e+01
-1.624500000000002586e+01
-1.574600000000002531e+01
-1.624600000000002353e+01
-1.577200000000002333e+01
-1.628200000000002490e+01
-1.579600000000002424e+01
-1.530500000000002458e+01
-1.481600000000002382e+01
-1.533500000000002395e+01
-1.583900000000002350e+01
-1.634000000000002473e+01
-1.585300000000002463e+01
-1.535500000000002530e+01
-1.585900000000002485e+01
-1.538200000000002454e+01
-1.488400000000002521e+01
-1.538500000000002466e+01
-1.588800000000002477e+01
-1.640700000000002490e+01
-1.591500000000002402e+01
-1.643200000000002348e+01
-1.594300000000002271e+01
-1.645400000000002194e+01
-1.698500000000002075e+01
-1.648600000000002197e+01
-1.600100000000002254e+01
-1.553600000000002268e+01
-1.605200000000002092e+01
-1.656500000000002260e+01
